[ 4271.722396, 191.719910, 11748.097933, 0 ],
[ 4270.932498, 192.389199, 11747.165424, 0 ],
[ 4271.665485, 192.016365, 11749.819899, 0 ],
[ 4270.644530, 192.287461, 11748.521261, 0 ],
[ 4270.038579, 192.236634, 11748.007433, 0 ],
[ 4270.609343, 192.486023, 11748.014084, 0 ],
[ 4271.377080, 192.767052, 11748.026921, 0 ],
[ 4270.481204, 192.434540, 11749.164823, 0 ],
[ 4270.008178, 192.236634, 11749.633200, 0 ],
[ 4271.879903, 192.236634, 11749.196090, 0 ],
[ 4298.853081, 203.507088, 11521.516111, 0 ],
[ 4296.946562, 203.507088, 11521.669225, 0 ],
[ 4298.240958, 203.507088, 11520.324690, 0 ],
[ 4297.465588, 203.507088, 11520.782900, 0 ],
[ 4309.010032, 192.930031, 11738.873055, 0 ],
[ 4308.284170, 192.893135, 11738.831159, 0 ],
[ 4307.991039, 192.159149, 11740.010140, 0 ],
[ 4308.704339, 192.154717, 11740.449425, 0 ],
[ 4310.191186, 192.256546, 11739.092895, 0 ],
[ 4307.464800, 192.187882, 11739.635529, 0 ],
[ 4308.992209, 192.352059, 11738.491321, 0 ],
[ 4366.793159, 191.893188, 11573.981305, 0 ],
[ 4368.002978, 192.562477, 11574.154079, 0 ],
[ 4365.692327, 192.189643, 11572.655947, 0 ],
[ 4367.318024, 192.460739, 11572.949065, 0 ],
[ 4368.112295, 192.409912, 11572.930919, 0 ],
[ 4367.681101, 192.659301, 11573.304933, 0 ],
[ 4367.098515, 192.940330, 11573.805113, 0 ],
[ 4367.012822, 192.607818, 11572.359405, 0 ],
[ 4367.055517, 192.409912, 11571.695095, 0 ],
[ 4365.946209, 192.409912, 11573.264763, 0 ],
[ 4714.082589, 206.301414, 10268.212532, 0 ],
[ 4713.246659, 206.301910, 10267.772401, 0 ],
[ 4713.446505, 206.301689, 10269.037775, 0 ],
[ 4932.726907, 204.236244, 9459.191883, 0 ],
[ 4933.238368, 204.236740, 9458.397589, 0 ],
[ 4931.960375, 204.236519, 9458.486151, 0 ],
[ 5188.639792, 202.526223, 10019.620589, 0 ],
[ 5187.365765, 202.526223, 10021.047163, 0 ],
[ 5187.374565, 202.526223, 10019.180841, 0 ],
[ 5187.129680, 202.526223, 10020.047551, 0 ],
